CreateObject(7221, 2442.82, 2141.96, 45.59,   0.00, 0.00, 0.00);
CreateObject(6875, 2565.27, 2161.09, 9.82,   0.00, 0.00, 0.00);
CreateObject(7273, 2538.40, 2149.72, 15.16,   0.00, 0.00, 0.00);
CreateObject(7268, 2440.56, 2115.98, 18.91,   0.00, 0.00, 0.00);
CreateObject(1340, 2537.82, 2137.13, 10.86,   0.00, 0.00, 0.00);
CreateObject(1280, 2537.95, 2142.16, 10.22,   0.00, 0.00, 0.00);
CreateObject(1300, 2537.79, 2144.92, 10.16,   0.00, 0.00, 0.00);
CreateObject(1280, 2537.95, 2147.88, 10.22,   0.00, 0.00, 0.00);
CreateObject(1341, 2538.03, 2153.70, 10.73,   0.00, 0.00, 0.00);


CreateObject(8954, 2397.39, 1503.02, 14.01,   0.00, 0.00, 0.00);
CreateObject(8957, 2393.77, 1483.69, 12.71,   0.00, 0.00, 0.00);
CreateObject(8955, 2393.77, 1490.55, 13.00,   0.00, 0.00, 0.00);