AddPlayerClass(1,1669.7473,1441.9939,10.7921,57.6052,0,0,0,0,0,0); // atm

AddPlayerClass(1,2173.9067,1403.5732,11.0625,275.7126,0,0,0,0,0,0); // atm1

AddPlayerClass(1,2493.2456,1640.6245,10.8203,264.1324,0,0,0,0,0,0); // atm2

AddPlayerClass(1,2849.2183,1286.5249,11.3906,184.1893,0,0,0,0,0,0); // atm3

AddPlayerClass(1,2477.0398,1328.6707,10.8306,261.9214,0,0,0,0,0,0); // atm3

AddPlayerClass(1,2477.0398,1328.6707,10.8306,261.9214,0,0,0,0,0,0); // atm4

AddPlayerClass(1,2177.7715,1300.4944,10.8203,99.3841,0,0,0,0,0,0); // atm5

AddPlayerClass(1,2021.4680,1016.6849,10.8203,357.2613,0,0,0,0,0,0); // atm6

AddPlayerClass(1,2008.9462,1182.8887,10.8203,347.3719,0,0,0,0,0,0); // atm7

AddPlayerClass(1,2294.1785,1542.8740,10.8203,10.0416,0,0,0,0,0,0); // atm8

AddPlayerClass(1,1857.8175,1023.3608,10.8203,89.4966,0,0,0,0,0,0); // atm9

AddPlayerClass(1,1529.4133,1015.4981,10.8203,183.9526,0,0,0,0,0,0); // atm10

AddPlayerClass(1,1431.0233,1016.8370,10.8203,276.2307,0,0,0,0,0,0); // atm11

AddPlayerClass(1,1531.9026,743.3661,11.0234,96.9903,0,0,0,0,0,0); // atm12

AddPlayerClass(1,1079.6250,1597.0087,12.5469,96.7537,0,0,0,0,0,0); // atm13

AddPlayerClass(1,1717.8234,1315.7555,10.8125,93.7923,0,0,0,0,0,0); // atm14